050703469067000800000816300000038040005097130730040086906001204840572093000469018
302401869001020350050006201040708012780502036100090500215609703930000608864070095
090823001263510400170094352307965814000172003015038026830250040052001900600789230
560700432100326500372000016423070058710863040896042170000030984080654001234189765
760000053029080041815030900070640538040513076653270194180354709537900480096827300
140008050705249018600300274203080400080190020006452031869071300000906587050020169
762059400915008762040000951620407000480010306500206174174060095098520610200700843
067912438830605029900000050006530900092000570708429000285004716610700203473061895
608012305003970016021056009070643908840500063536891040260000534315264000904735001
007024850200516000400000006072648590935172468060953721740000085300495672529860100
013700040200954801094183702039002486768300025452000390627408950385297614041605208
014600380980201074236704109650178093003050000897342010300800905570403861068009230
400529316000760000052014970768901420903452807020806109201690580800003600306180702
908604503253097040406531902365170008047900260000065017500719034094358720731206850
000150000702063001105974820204638197603491500819705600061200705500346208328517069
000803097763000020085247100076459800002018700050302910831000075027106049649735080
962500430813004070045100028100460009030000260490020017000007600070680195009301080
236000591910650070708000402849561237002030854305428000697000140000306780580070026
640008753053420018708603400804209160090035870071804029005001906480596030169342587
027805090040090012100260080306528004008736520502941806001403207703050948200600301
507094013009071602031600497485029306910867240706450081054012730002730500300506009
060041027749502610500360498320410850904006201681070049035094082006708105070150000
000002000094017253582693010408030002970000085000080007820175346710346900000920070
600037019045900030007201604053029060901070452782560301000600120230015046510002003
417985362385072019000004758168003007952847130704100285020700804840260073570438621
030205980840010650700864210276458009009000840004192506000541008410300795563700401
483071059720400600016930748901807320030120804052394000178046930204003501360000407
320010846709260031604000297006030120803102704290040000537000612148605973962370058
085004600100760840000105239023901400017658900869040571934510080278039056001800390
050700289009620347020803010974352060300901002001000500100247956546000700092586104
207619485945000000108405972600170004070090000500080007054002709706800053001057648
010507246609082500500364000803041060407206801050839720705603419000470602264900350
253041009410060530768593410380617090005309108901008703000205001590100004030000000
700100520186052000529780010400078260607304059002061047070035100260847935058009074
521069400306400010094308500009287003100094807408531200805100000017006000043070081
015290360806300504230405890958013702720549000164020903082104079309086205671000038
006385204028406010700021003892054037601030002570012469200508091439107528005293046
060402890912086040003010526730000205258300710106200483021050900685740132479023000
205760381600803502893502674300406708100007409487391050902605843508020007760138925
008600070570210940130789025002300094001070530050824100605432089027508013480100206
590607030080000547743581069430760025260359078050210090370090612020000000605402980
010340928203859604048621570001208405794065080825000761150706049680510200007900100
304070586905618043867350009652030810173082095489065070200041007000523401541090208
720900680108367209005100000206501498809602517051879306080005102602000975097206043
007204301348159700009367850030612079970548013406070205604001502250036040093020008
975301208000529100210870049590600821360010457421085396800107034036058900009003700
003402817204010650106080043712508904065209780809601002420890005030050106657103400
004263900000000040152970386028736491637040500491080600009315000310428759845090032
901028030076045000002070469210700095805000604600004021728090100160400952400160700
030890400028460390045000160560379041300010752810542936209054673076003084000786219
570062094004001050903054670801200943207035800309148000092010705780529400105407269
130085000506007413720361058003000590007103200491206087340719026978642135002538009
020075309143906502597031060765123000931740605400509037378692451219304786654810093
904806035053402189080090620009000500040937261006108003807241906462580307105063800
068704512301950080400068973190006200530200648082300059056493021043621700209000364
146728953039015006705039042308900714000803620402107530054006301820090460610584297
104500278973842000500760090020357160657010400391624080019273006730496802206100037
795600201042710960106000000003267049920450710670800300050076108080049630060028497
890207006123040870056000012000802000940006003002400158630094085085361947479500060
070605200604900005903042681000350126731400859205000037317000508082004963496003010
108000570459678230203000846530289000082714053000563480945020168010046325326050704
427530901000207640956140007090710052702053409541000763830029076209871000104065298
953126874104073000007940135030000701461080590702000080379014602200630907516297308
079048326560009187300167945901806430000915608086400019240001003690700251810200060
074060800008004009209501460783415000420009001016030754057200143601340205042050690
108000753304275160007183904402039081001508000059041200280010045015364090903050600
805009041042800396390421000083040069421790053609080070000014927904007630030000014
305802601201050803079136540712305060683741059050008007007524306530010004006903010
705020108800501006000009000081406370073912000042080050297063845150200060300705009
471900580926584307350721069810607200234019670007205038709352041543178026182490750
021500903300009714406173080569734128137850640042910057074261035083400070205307000
849003057760004028050709003002146000574932000006857402100408090698075314420390786
000289350359147680840506090025604837938050246406308519294003165063410928501062073
203108050506302401004765329009571260100604093762039504351287006608953172020416805
002483059530900048098000003820500300140007892300208514786100035913804270204070901
900036004000950060003174290090782435078060920530491086349010652007625300005309800
309200578400039600100005009853026007040508060900047820090673081238450096671082004
430650801985013040607428305070145903250307164301296000093074206020060030164032507
005892070098147352247603108769405031431079865580306049806004913074938020000560400
951006020470010835802475901094001508160807090207500316543029687618740259000600003
000008060301596000006134980293607510065040730047351290912463800070215349030079020
185000624240850700736140050352680170608090042091237865500029086004008000067415293
270819034193650780480003010800730095524961073730080001600020009040597068918346007
078249053205001700043576812509327461721460389634918275397654120012793546056182000
630107984079030200841206705790040003050803197308972456485609300020705640967020008
103782906092006180080090020430010072000948630800020095961073040028400760504800013
070305064601840307403060009908073500030510420514286700000921800180630070240050601
305987010800005940069201058080039000213408596500120070138790460052610080006800031
305017400000409523800532006257003060400000005639150274103720608978300000060800347
109407352234010706670293410547000021396102504801570960000321007000050009713609080
602190705570042083093857001356409820240300010000068300034920578905080400820534006
130097685650018794879006203096851000780429061000763940048600072507180439321974006
800000000095483106040102080500814003960200841184930050701609408428301695009008702
027010008914806503600302147875621034496708051032549806240103000503200019000004362
607305918140078023380091604294067085516802490800050160002580040451720036738006059
546072901231006850098130462080307100304010709002409080453691270629780315010053600
290410803030806052500932040352048679104309008068250310005004001700503000003781090
082300905600198030001042600008405069700089104940001503030710200067903000514026300
001620003500000608090051027050972386003060109968015000810230070439007061600049830
006105042712004605049826173000087500054203890007019304601348059005600708920700400
376019502001070368502643079019360004760124095425098631150237906208050410607081253
061470058020185063005360104593027481016903275247850090402716809170538042008204010
104008250680075010592130700850307900047080625921006078705062100060710532019400800
037002496020000583000936172700314008504208009002090600458100907201000045900645001
201083070063200490047600012678104230902806107004572009430908051785000920129740603
850291674479000218610807593200170069307900001981634752100080047504702806730460020
504036917061780032203090500306109070052340690190567024007050268835672140029800750
609018750020564038080309060815632070973000086206080510460005097302790840100040605
604800031298400760030796842003908026700050409980614300029103000060007594840509003
520637800097804023830120504049500230068972410005003780400296157670010048901000302
170642358350070061860105927080000009246090173910704605490283516020060834630451092
590001300007203605032790480023604510064000900751938060315849726209106840006007159
103908467809070301040030890604803759085010634930504182078305010002041578061207903
015090040602053000009264315031906007000305000704821560958002100003007004000010238
007401620614390050530086041108040376073628510950137402060019234000063897080204105
864350291030800475750924080009506700500108904148079030085712369610490852200680000
008305920590782004400610057305106200009204700760008431050000680000503009934801572
000081720005602040302475006700810294428007651901020308280149000194700800507060010
372168000680000037045790602001070340408235706700840905204689071816057293057312800
140305072035970416700400080300000658089004020572800109060003290050217860400609035
675319048201874056004060170960100020340956081510407039009000500050008302000591864
010800049073905012098023000709380251006201003230574000080402036300610005065708920
058030471347056802010407503079248316063709050124360987405601000001820630286503140
360804027841000093072396048708401050025680300400705201050143060600902415204560039
010637084436189005970405306064392807057000000003576000045208139300714562021050740
630170592908506037520394816050030600709015348000080059486051003370902184291003060
076003089300205071001086504103072006098601300000059718617530902200100803835900160
280091403390762851165800000010205306002374100873010500700028915521036048908157632
604900837050270406000003005490830052218094670370001940830100020540082060162059780
301805609264031750805060104752196403680370012403208967108000300027410090900507241
087546120030970000065813794004285017172034859856090402010357040040100360520468001
010036872470801369806792000184079250659040701723005046000027000040008095390510027
500000027178600050003705910300276895820409060056831000031004200085007130700060584
098050706417068509205940813570831000941020008603479152034000280859213067026504030
040207650300085701157306928005178064000509002780624519601800497879460005534791286
396000071245371869007050000420905783570208140030100902712800635900006008060510290
024530080100206054075801203051302946702468305006905800217084539308109002540020068
916037050753020060080605000002890547079006320405201600090302070008050906040100083
357000906090000350068390702020040610905106278680070034030860000016700893870923000
210905000407680391690100502329050004760201085185490237002807050006314009800529046
820630015753200069100045300008901053906000201215307980040180000680503147591070032
396784215070000060240965307000508090083090500459236178532009840018023050764850902
256980007431267050009100604907300846560800731183040005608421500012008060705039102
026009104098412567510867923075084001049103608830625470987240015463700892052090040
052749810410000279000108000104537002203906501900412087030000024041270930020364158
056973802400620107200514093702351489801269305305080261980145026610000504024736018
200056839508793124039201675102609480946000007007105962614907208020010306890562041
375609820100408705084070960897240000502306478040857019450930100900705346008164502
800670005049010006007090802930160528060238040102954067308046201000029683520081074
700059401049008020128473690390002506287160934006907018915384762072501843034720000
000054360067102090253086174175269438820040057346078921580690043034805010000410006
000804007016520948208976310005701490900362701172090030560039084491050270000147000
603510407004069103120043609239604000500800042001902370875190034002305000306420598
005401093024385100318970000000064278070258030842790600007019326003542701080030950
695000028820916430043080097530291060270045010419703050960100080051420976780609541
437158002516072034008340570780293100251764380600581207045020910072030460800400003
800075000091040203300102487002004000640000075500908142068437590417529608905601000
002740300013925674507613809091837040000069701704050900026500198085001260170200053
806000003549108600020675900050701089210309067600804130184090000002016094905000301
450638701708040309001009080905000132180923060623100800040590600597016208006400070
608347095549200000007906800703501429102030507405702631804123970030875042270694058
004658291800410700612907008370029005045063100100745080407000653001306004263590000
216000854807104396390006712089407020030019080001605430178902543502370900903000271
145300098073910450006854000018705904359462780407089500081693200564278010930501867
804721003906005020001090578647012835032486907100070246498060300005340700703209400
043520090102309406060004027091000582600010073278903160930705000810602749427891630
312896500095000060600403092807261004164709208923548716740600029000910485009324600
801530406053009082002078153038040000409357821000820340724190000080000937300780204
748053916061070000205461038150687090987032560032049080403706001510024379809015042
752619843034002596006053201307020009501897300408136005009001400243005018610208937
014090500000107092297560301582910760001306204036070015648735129700421038023080050
903004560652073984840900012470680230000312748208090051796501823324760195085200470
096003270207619043401070096108750430064030750075800002610040087803067905059300610
520090864360874120410500937090602080081000752203000406035407208176089543800030679
480567312500030704702901000673010029005379400094620103050190847908050201127403965
900000481036020570807009362700950036640210050253768900302006705560070090104300608
463578109070012300021936000306094001087020060204107583832741605605209407040603010
140035082702040051853007094036082510508793240420060000090104000080020070274050169
063984010824150093000263748009040361600809072037010800576321080012408536340596100
601904258270608410408320607520040186000580000867200549985062700042835061316407005
805170029240065018006892053000000307654937182302080005500043001960028034423019806
004706000789035021632010400390852170020000069050009832005367290903204015078501306
150003962900506003302819040001432600206075439400060005600287004045301806800654701
837612409140897002962004708023059867600083045570000390354270906700940123009068574
012307950040962080089145627097500103500791002024806790436070019070609030908013276
004003560670045080825000304200061000081407023006832009709024835050070096318506240
109485007024109080003600419300820751001503020285910304532708146640301890910246503
200050903643192050100073640702609030056020170000507209020731006080964520407000301
180250040032409158495000276308041725954072860270685439600090514049000380803020007
007360400200408003083107256006040000512030748394700162009810507030609024048023609
086920050027450813040037920203600094760304002850009361072090600601540078508062149
700384125145629387083001960504072000620943518098510740001267450472005036956430001
060000150409218700708605924870142300920803010104059860041097603087320509593080071
005700960160523748800649005208030009701408023604070581507290836903000104486305207
500807243400123600800654901938070500275041890004580032009065007700910085152708409
040315076602907538305208409500804000901536702260000803050002690426793000000600324
170290548900007126620810037380060209204573601510020070052089013809140060401735092
209017608045300700000948302000493826360000009920080070080205960470100085500004130
593647180642900073187032640700006800006895701908170056059400237204050910000289405
070500219501270608932068000107804360003016700004327901300090074460005123708432596
590001078306759124072040590709302600023576000610000007200435009050020400001690702
407690813130080092209013705012834006375200108600107200001940307000500604764328001
043087010900100300006394782059713420631429857724865100305978200090006003470530608
007020060040107200236400517005004000164800793703910450051798640670205080082630005
659004230004520009820319000086090402290148067001205800742000950168957024030082170
643591702050306091701028306106905047087060100400137869809640510562000970300759620
106907283390620070000134506000380705089070340507000020900042000873596012460713908
000356709197824030605790280709040163451670928308000407812037695540180370073265801
104009860307160504568002001600405030010090450045207008406001283039684075071503900
008135906369208175512967384684302710297604053050089040906001000831406597045890261
108200043569030000040106508000502869400060037602300000826014300030780426054023980
000600030350907264009032758935160027640280010200573009476020193892000076010700480
540067800623080057007452163210946378096700510078215094052073900034090280809524000
304000091891045760005190483042507910013400200008901046006074120120603874487210005
907204305480103079203790146000071050031009860748000021392607518800905002170080090
030716080050024006061985430472000308589030601603490027006073200800100760307659010
100620048080301926042985710016208009400073065050400230030090687070006350805700104
408920716672041590000607824065300000740106382183002965806700450054090001917060200
309160842420893076006027930802540060534086290067002504051070300090030000743058609
600802795842579000090163024004080901087305062261090308570401009008950603130608007
048350719005718402713290568004507291952081673067903805406130980501079024070040156
094002800025001309803000204469325700050607000207190653506273948700410020902560137
081954720476020080520600034103042807254768391708130402830416005010095243945273608
400506091090702040800400527014920805030000062208047139920005014000204053540301006
308040579504038000209710348936520780042386190051097023407153862080260007623800901
274590168830641050100000943000275681680100079715869000060302004320086795548917006
100089267028700534065402100203000640800000003416200870000306010642005080301020006
050700008982345761074869250026901370819070500047256810035694180290107640000008037
289506301540083020613402750800240006126930070070801030368704590000350107751020403
200063705090001084571240630005620490809015327020389100006090803032874560108530002
090481230040070581860502790608004103007863902934000608180307020050219800279648315
100283400060004391005690008483060012219058760570000000600847903024900080038125007
300006728960180345008200001800040530600708102071920400007002003030809614486300009
006492700032805010004100820253900140000206503010050098320040007869031052040009080
900300521002587006065019000706830142800070659541692780079400810630701200154020067
000492008800637009390158007630905070910743286020000005703000902100064053200309861
070304000032960740094827010021409386985003120643102950060791005410038260009206870
903504786765000941084900532846009010500841003371652804617090320250070469439286157
207601003063982000040375009086534190031208560902067004624703008075419200019020475
723005109900102400401097308034908615590306842018050973805769230160020784372481096
620105730537680241840073965006320007013756892200090600090514006168930524350802170
008000270437208601000730584153847920000625300806193745685974132070510060910386057
507831960816700235009025187238040019904216300650080742180370000763052801490168500
004871960908040013001500870847960021090030000100427689085704200720309005410006708
800437160004296870736051904092605018401970602057108340068514237005382000203060501
109640075740085012083201460012839704935704006478106293001367940360008521890512007
298060074401870652050124980045708290923050047070090300380217009500906008760503421
069750138580000200127806090800507009395108002200094800054683920008000070012470503
004216598010509370059000216487952063563841709000670485605090840731460052900120637
056000430089364100401295000000187003867050241003602800974000012020471960008529370
010365000030000459520400000650840903400156007781032605100098036369004128000613094
680230519310098062204001000839405006020067040706319285470900601950170324162043897
018097034509010080306004090003000157685000400127900803934160205060053908800209300
705490180100800034406010205291587600600230800800000002047928061962340570300600400
100470835086935027503100400017000200000801573395000680000614908650300014940058062
002010794041693508500007136275130809083076405406509072829751603600948251104360987
030265800000149002204078105086713020471020580029854617608432971910587206742090058
284010006070269834690087201318952067067148392000673180800790020742806510900020748
980034652050689143630250000173528400849316270506490831060045708715860090498100020
162430805090802430040605219627000183500067000934200650416593020259708060308006504
804703091902681304001040006296000015103050860480060037300015600008206003620407108
004070300520630004008429015001200048860354170245087960010562400006910057002740630
450700800076010934203900570602153009140090080907804000064309102328060497591472368
641200987038096124900148306005462710416307590870905463004821600109030075260000040
032061075806305902050829060091040200000602098007950410020104087473080109160000034
348057900792014000060920347600402785284070106057861003509006074010745200003209060
006502000003890605052640719410068097280309164639174002768000241391026570520701930
034501000610987054570402816406000103050090620008613495947308261203070048005206030
047600000609025004002900617296547801038062040154309726871093200425876100900251470
582703009300190526910052387207000965091070204640030801408610093103007642760304158
067543820904100000500902061750201084010038596630495217240000938000054102071329645
608039010105062470023000800070900000402156739319004080207690308031500007004320001
831260459795800012600109308087342596200075004409608700500406001010700845342501907
702086009450103000081042037896401050004057890520000340903614005000795160165000904
810026057506083001000140683400060130078354290302891005020038009704010302930672814
806274039009103007500000401730006082060010390980502046047320650652481973000005004
090005070852473619046901300673824500028516040010039268005008930489357126137600480
902137000001589723030046890365000079409600308100093406010970030754061082800452107
360105049851934006004680010630490071045708260170050490023560180009873652586241937
200004700451007326678031940140682573705410862060053019024370198010900200907125004
749281356130070020800053000004817600010309080087625914450700203968102475270560098
218035970060021030370009204897610052532900601000582300600100745000300029001270063
209804150403602970560971020007186249041327805826495300032568794085209601094703000
560080431239461785010700900000006079050329164196800050005013640603504217420600003
490830701283140560106520384600400075741002836530000410057060108012085640804091003
307904528081570300004806709000185630005027904678009251406291803090058062802763400
213746958000020100900030000546000201002509604790200583674108329109670840820000016
569017824820005379034820000170000902693080107245000083010046798457100230900732015
067009580001835790958760014046908170795321468180000000074080020502604000839207600
810300060900064105060815007086453901397001540541000620000142836128736050000509010
507000401620080070100502803002038700900647380308050690800709206295063140706005908
043916070100007043050483020024395001009072830736108950400569010375001096060734000
601204007203160040047980216400379052020608079976521403852430700700005304030792860
297001060680030974054907102146852300000790016009013425915326748723048059468570230
005010006476058130020076058647305019082694375003107860730869020068530490019000600
050024700302985060008036952563801200091000846784260005829510000400070129600402530
690508130103649702820700600560080301018376029300090468030850247285460903741902850
703024006061980000954060308500842030302050680010376200845210963100038507630400810
230160975415039068690852341040903680071240500063508024000621009020400016186300002
903800472205967308007040069504600000000408000732009846170520083406081705308096004
080420096003000274004060510306748109800012705102609040065074930010200400000091680
603870104907025300485361000752090648046007230308040715001958070839710502500602801
080300010217500963096120504802704390700900658951603400028076030630091270009035006
450006079602907351000230000805402700074090106201070548928350617507861900136700405
200805000459032006308094005000173064063248791107056800601000402835409607024500938
385016094920054060000923085603142058200308006000695327800500602030000071016280500
500083064104590002083412095049370056801620403067000901016230040705008609430065207
901007004076845109000690020618079542492060370035002096063024900009153407100980003
090148020001006408042039610480050002906302845000800739034025980508400306169780050
036002718200000065700084329047000050020406100105279603004723890970168030860905271
096270540400500009100430826519680004038042165200103708825000407600824953943015682
460510079258009063917063002640380905305246701702095034000600008104050390030024000
470830006508794000932651840080527430050903078397140620825009760000286594640070201
583006071002500609060021453746298010001030902020405867174369028205004700630050194
703004625008500000405273819070600452580427190030015768802096034000851206057340001
618002004094867000705090038002080176581736029407000580070040805803125960009608340
010078092240500367037042105500183720300406050024090601192000573406007008080900040
409623087280954310036087020098576042601390805752840690070410069064208750100769438
060872310005163800800059007031594700400601009259000146542008603300245001198706052
130008269007263000806519703264397851000400000978020634752030400380674012040050070
659320407200007503073050910100070000020046895004508070798015300410203059502709000
903580064080042900062903000234700605157068092806250130040129050001436829609875341
361502490809060215025900380902450063413627050608009704294000000136290008587306042
314520860089376405075010320040000932523060781197002650068145200402690178001087046
400805027530060009708921534106300705300090008079040213607000002250678941904203806
080104700049025386276803054017950003302006500460081200934600825708230640601500000
050640078307008106896201405010000000069104800200050619075309084981005360000706501
064000080201000645030416090058037402000805700009024500040759020583001976020603150
376480015805000000429615078200503100631090407087006230103804002752309041048020003
189375260070901538520040791910407005008003906300509180490650873830190050060730409
049210037050380190801000000160709025973501486020038710390852001506073240780164053
958003041207041935403000002500406718674128300031957026305790104140380090720010503
340090257020017390679352418914563070056809140030741065480100620265080030193070084
943876215701030908006090470207359080805607321604182000002015836300768102168023097
097813604480602017602057080749030850005004100126008493000740208270106930908325041
001268407004150800268703159687905241195482376432601905026304508849010723503827604
600804307301060408874090020008576130590008042107942586712039054060481070083257961
095034178806720945014598002042059013089273650503410200050907021061382507907105000
091038675000106900074950183010085260856700304723640018100563829005204706362007050
047328519015407060803006247159000678378000924420700350730862005582974136964035780
097610208012580049840007003928431067060075024750062930501700086276148390409306172
004190006790536104160400025438900651005001402901000708086709243309254867207000009
608150704007963008902470631060714300810309576003506149780095403400631820306847915
105079623724560019600201457900346580400950001352708064500024706000007005247695108
351906842009532071267418395418360050700001400906700183102654908600187504500200700
090010850018932670047600209900380120000706040703024005809061402035240780026003091
253704180106053074974801025647032500302508060005940732720410053409320807531607240
002406903309500070804000002680030720040000098927184065408050216036009500715640800
600342900030690702209085360008004000092150480000809273007530821520018640186020009
000300860070069500640002900062704109530980020910206348080600075706125083025008090
360842501154030780289571403605728149801469320040103806706004258528017034003280017
602543790003270106947180325026390050080724010034060270361052987008610500075008461
200600010003470009010500863632007945500002001109300782058703124300094578470085306
007813060062490837008020195409701000231586409076209018625370900890052740700960503
030502080957106040002040500640271809081000264095060137020319608170654023009827410
914068000570201346623054100089530617035617890061040230107420568300986401006100920
301904200569702040480300976000040635040850790257630800900006087010508420004003509
019024680032561479405008002906430201351086947207000863000745198178093524090810700
301065204209410500405070801652381740814750023037624185008030057096548010020097468
092315700107006020863900541930604802680092034704831059510200497000500300309148200
024000630600923104351084279410870023830562901295030706702306800089045307003798400
006310080180074203740500619012700890908003526060902370037801045604000038890405060
108056792306800410097120386472589031639040570805673200004060020260018057750902864
943580217050420809620700000090841750800050002074962000205604391001295008769130524
300800527570423691000751000290180060105002089486907152014268075003519200802374916
089032564231060800654908001015007036490006082300890700106283059000010073523000008
003605280856201394201003607082936000005712809700458120524300916617500038098004500
080600700203800460750249018837025641102368907900470030010736084074102506020000070
902006053180040620503970408720104300316790500008203197801037065034009871275601904
000840009025006814460109305304762981200510007871093562509207040187050090600031700
036090010549700806107300052918034670000060490064980103600401589021059007890070240
079601452480000761160004980604207508007098600813406209000805097931062845058149026
794200863851690004630080950900847012318020470427306009080070035579002600103560097
300090846190803520867405000010500283900281065285006490000904038039658102678010004
060570340005204196234691750026907081007016503850342079090000015513429800002085030
025780130368001427417326090701802940204053708806907200000279004670000089049630570
946018230100030049273040508590800400764920103300104965450300720810000000637251804
307005900945008176100009053734100000200080030806300521680720005010800490003590600
041052380780631400050078160097500638830190702426087590060010000003700056974800213
061509370954708100308200549827960451549020700613475082135084200006152804080007610
020600890618000745059704612501460900060807531007351420070926050106500208240100360
293076145057000208480009360500043629900681403300025701030100074706538900025490030
603702508290408631540360972000035000056149023020687195870904316439516000002873400
300090106168450392249006078805000037974010025030004800703601054026043780401785003
200879365005321900397406012156000723003000080928100500010608237009042651702503008
080090710610800920005607008700053091004769500009080403052070030800345209306908157
100600284008714596040028017063872040720490008090103700950000070010286059402900003
320010000070349628400007105007892413200504807843001952980123000035076080000450091
001529740946003521725640839070035200003897405008260070109372680467950312082400907
984013756670008913103060008210704500039856201045102630500601000461075800007489100
392005708001720500560010032670580240284106070059270003435091827928357160716800059
742189350800460201615003080036517890170208635950634120000300762301076508067042910
006804701010067054007000023600002080391670502020900006970050130840010060105203479
200000603017036020400002710042395006060080054073401980620100007094523860351600049
100605904403127008006000700008030290320908417700052060060593140204816379001274500
190385006725906030600724590051809347807403902040000680083190000010542870472038109
509400123407050080201080475002695041015003697604718052126070538000020004048006209
800694357905000614706351809200035946060809070507416083003162705150070400609500132
006194705004208316510670009430012607001367240020805093075080032009501800043700561
300016905048930762695000380506708400083150006020060010057040839030500620864293057
109402006200107000307900041028006010631258970470310620760001302010603009500804160
001750020657082401420960500008570063716030902930026008509017034302800619080693005
914002803030874291728900000060007914047093568891400320009300702406728139372509086
560391074730524810420086300986210030102000590345879621093450162257108943610900085
654030901001405007387021654065390278902150000043276190419702563530649710706000849
070040580510000320409002106300827051000000000845361792060700008700216035253008607
087506000541000876063018459078163092006924700329857004005472160734091080012005940
298003107501897236673150040930208610062540793017609082186904305050316820300785461
308174090410500723597062401104207038905010000870903500209736150041005362650001809
537601809129070056048059370060835790090000068085000000354912680900080142810467930
196004302070008015005000709640857000521030000030106054304080690057603028860700543
736050109490810006182936054004268570600395001358740692240509060873004915560173420
800290704729486000400305892042000586037004019105600340060512008508940600201708403
810734092970562080450098600038405016260000058590816273080300700340259061120687049
308740069401026380060058014030617005687200043200804970573402091002569708096173402
406890100821763090093004082064078953309051004572409800005306078000120549007985316
234609017895100602070008003902513000160824005540796201426901058358062079719380426
005024690946030005271090040400200078859173460010406009030010084100000537008300010
000493005194050023536201709208040370970010468001000592317809050625134080040720006
504079003290381456003500297328497610716805904005610038802046071009150060601728509
503070640947630815200410903000763009304598001600024530732050100891000206060080007
104050087007964210605817903941500768008690534000008092400139006760080020810076459
654037900039021804810059030470060000206794315090210047040080069908305100025970483
024139000915740036003600910800020769040086052296070843478005621130067495069204078
261905703759042108340670529010034206000508904480060010596007031874103650103456897
352060701619800003874013926067080140290641075000095302706908500908006230105204698
100520460002080130000316809720003900000201000001800742576138204018064573034002618
194052000050640000008319254001760093049200680563098120826973540030084060017006039
900062045100593702200801300701254638680307094054986200010608400400029007820035016
431700008806921403070003065197805032520060081360102590200610000605237000740598216
500487390046100700830092014769800051450069083283001907024900035305218000698354070
378542609065078023000639780030817002087206340601453070050020097742980130800761254
000006524008452301452031986510284063607003208283609015736025849005948607894360002
815070603200361508360584071082740060693000457000690032024057380050938724738020905
014527980250806000986413570145370809602081400890004217038269701500738604760145328
983271004642035870150008320090364280074080196806719040038000005260453700000896402
009478021048301976170026834002594680907030410564800200820140059403009162790205008
280940703759382140006517089900030462002864307604270805193020570000403901405791030
451067002039201070276803014748106250560080701192305806617508409080600127020710500
506214730103008452200073081049002105050791200712600803007806300831429567405037008
054080020162034005038512964081703500046209710097801632475028106610475200800106457
012604000690718504487020136175096400946850710200471690020905040850040267004007900
900040503001950600004073180000835070103427905527196038069084310800312706300069804
400875602069321000205960030810503279002000800940182005070410023104208700603759481
270054803318096254650200190826040730941000082735009041087003026163400975402675018
006908400010470320053021087068304090031009504000256130304190605672003010100800240
600107900504609007197002604038200041050478000746003200005700082400026503072304106
000060104056192003731500926004720569300815040027946830200478695900601070675030418
400057216200941385510200497730089620020175830184630759070008042852714063309006008
795800341860100759134950086523401697601379000080265400279003168000700032310092574
081025079470309682000068451503800017760931005910070000206150700049000523850200160
080100200937024681214008957893210706052907018401080500049850163365090870008003090
008104236070830401341090708407328065160759842820401903206040017504087020009512684
971658403680304050405200768860000279293000105007020086129706504050942010706513092
035072000710584320208903007420005798096807032071209045300708261060451870107320459
074000000008541060502769003400206008701903650086010320200000805040050076053020100
130900802002100093905832600048000937090450000321009546706294301203000060419008075
070080190000050206634092705809215347045030960700460018000940820408020003016370059
000603509930700168016089300600030214002974003340106907001007825853041096709065430
698401520003068901124003786841020635230005070705380100480100069902836400306947218
059008160428036050761095008200619000170803590000754001637000005510362079082547300
679548001248710600035260407586001090002904060090856213963400170021037940754092036
086090000200603709301078650910024536060159074542706198079245000428367005030981020
010800090070209608860730042480000001052000080690408523537642819028050704006187030
001530720047016830032907104020090547410703008708045312109062470864300251073051906
010409800040000153320051069561398007004502086200764915000125094152040638409603520
120030704800079030600052108547261903001308007908540201706980005082610309305020816
700461830036090050140358026451870962208645173673910008002039004010000380067184090
260098041130502700895074036928000465570486900000905187050813672016007859080650304
003510690041368500600902400800407209390185046070090850209643170000850000506709304
864019023279863400530702689900050136385006940126390078658421397410000065703685200
861079452902000700037204001620140090079628513080057246300860170016090380750031009
426003917087004526105607384209871635003206000650439270072948163964300758801060492
725409138306728900894001276050040060463000809200683015501007603937016540000530700
034705820951402307270136495802900053360010000040263918403050209500320106106809504
309580102058401930010370005867904253100003609590762410700040390236107580900038701
940735182300020907271960000405693001860140090709580643034076529092000008087019406
541070803360400509208036704150724080902610405480903000704365108609002000005190642
724685103500074620009321754000896530057040980938017246490758300206100005000402019
890050027004020300007086450708000504010000730540671090082403075475208060930500842
728603500045208006001005802417986250036520140259431600193800000000379461674100938
500341879790058146418060325950080003064090580000070064000030091389714052045609000
020004360684930012700025000106080793090143058835090241061208405352401879478300026
025083700040517620637290001010905837589370164073801052300058416061439070054000308
750016809168049027309007164206804000090025070000703902035670400910438750607951283
907008006420309187038217400802034015176905803540100972004603590351090064709541300
143089706086317049972456318250708093864023105090145862625071934030504620409602507
100586900000043002093000460009074800014358200080201054901800506465030008028460090
205300009309800105081020730500970003706413582432608007927084300100705098853090471
064001030010063824358492610807314200426859370531627098673948150185270940900100080
200700308583206197970830060020050603300408000807020540018004235635102904402003806
109050804008900537527803069010765248856012703074308615680009470001004300300076902
080490000061037095004621380038904700715060849040508130429700503150240070003050064
900827015007319602280400739008640591149085263526190000700960108890570306615008904
240956301910300746603104592050030009079081035802695000704003960300762054500000073
600703000130904072479000003046800791780000030003027860027090100065070420010060080
084903207005270630070060450503009000840610302200738001956080024421596080700140060
784009531031508496090034820402791058000052100050486279007040013306007040049013082
482397016705620304063508007621070835934050001007100600310709052208000193049013768
608950437207360100950407082009086371865173924371240000030004895092031746784695213
