050703460007000800200816070000030007405000100732040086976000204841572093000409010
302401809601827300458930200040768012780502036000090580200609043930000008800070005
094823001063510400078600052300960010000102500010038026830006040002040908640789000
500708032100326090372405000020071058015803040890042073000007080980654001230009005
760002053329080040005036920001000030948510276653200104180304769007060000096827310
140760053730209000600300204200080400084190026076050801809001300001906007050000069
002009000015008760840002051620407080000010306509206074170060090098500617000790840
060910030834605029001800007106030902092100574700409001285000716600700040473001095
608412305400970016721006009070643908840500160000891040207000534315064800904700601
607020850208516000400080206070648090930102068060953020700000005300495002029860100
013700540200954800594103762039070486060009020452800397607408950305297614040005200
014605380985201674200004009650108493143956008890302016300807005570403061068009237
400029306009700204602014970708901020903052807024876109201690583875003691390185042
008024073050897040400531902365002490147000260000405007502719034090358020700246800
900150000700003051005904800204030107003491502009705600401280735500306008320007069
200863000760090420905040103076459800002010750450302910831904675020186309040000081
060500400803094570745100920120060009000010260400025017000007600070600105009301782
236007591014050070708013400849061237060000050075428000097205143401306000580070026
640008703050427018708600492830000160296030070071064009305001946487096030109300087
020805090040390010130260080300520074018700500572941830001403207703050948084000001
567004013000371650031600407480020370013807240006450081054002738002730000300540109
003941020709502000010360090320400856904000201681070349030094782400728105070150900
000002860004010253080693700450730090970260085000089007020175046710346928006900000
608400009140980030307001600003129068961370402782560391000690100030010040500000003
417905062380072019290014050168523007050047030734000285603750000841260573570408621
630075980842003657790864000270458109009607800084102006907040308018006095563700000
483070059700408610516930708041807325600020004052304070108046930094003501360200407
020010840789200001604000297000038020803102004090046000037080602100025903062071450
300294000102760040006000239023900400400658020069342570934506000070039006050820004
050000280009600340020803010070352060300901472201000500100047956006139728000586004
237600400940700100008400900682070594000590000500084007804002700090000053021007608
018500206609080500500304098803001005497006831000800720085603400000470602204000057
200041689010862537068503410080617090005000100901450703806235000507180004002004800
703100520086052090509780016400978200610304009002061007070035180000047930358009604
020760400000400010000318500009287043130690057400530290065123900910046005003975681
015000060896001524030405891958013740000509000004027950080104079309000215670002030
000385204328476910700001000892654037600030052570000469007500091030107028005293040
500402890912086040843010526734800205258300710106200080021050974080740132070103000
245769081600803502093502674320456718100087039407301050902005840038024107760038905
008005070576203940034089005002001090801970500059000107600430080027508013080000200
090647831186023540743581060430760025260359078000010000370090012900006750005402980
016340020003859604048000573300000000090165382825000761100706009600510000037980150
304279586920618000860304129050907810170080095089160070200041957790523001541090208
720900681108360209005100000200001490809602507001809006000005100602000900097206043
000204300308109720129060850030012070070508610406970205004000500050030947093020100
975300200004529170210870009000630821068010050421705000852007034036058000009203705
503402810204317600100080043710538964005200700800601002420890075038000106057123408
000203910903001000152004386028736491007000520000082600070010064310408759040090032
001628530006945000002071469210000005835200674000000021728090100000480900009160780
000890027020400390945200100060309041304610052810502000009054670176023584400086200
570002000004001050003050670001270943007035800309008500092600780080509400135400269
130080600506907403020361050200000000800103064490000087300719006078642135000508000
020075300143086572590030060760103000930040005000569037070692451209350700004810090
900816035003000180080390020009004570548937061000108090807241906402089317100060042
068700002071950406000008973094006230530000048002300059756000020040621790209870360
146728903239015006780000102308902704500843000402067500004006301827001460603584297
100000278073802650500760090028357160007010403091624780010073546700406802246085907
790600280842710060106002000013007049028053710674800000000006108080140635000028497
800207006023040070050080012007802600908000703002470150630790285005301047070520361
170635290604900005953040681049000106731026850205000030317000508000104903406503010
108030570409070001203000846500289007680704953090563002945000108007040305026050700
407530901010297600950048307690000852702600419540080060800420076209801034104065208
903106074184570000027940135000000701461080590702001006379014600000035907510007308
079508026560009080020107045950006430402915608086430009240651000690784051815203764
074063802008704509209081467083405920400070081900000750857290103600340270342057090
128000703390205000007003900400030501001508000009040230280000045710364890003002600
800000040142800096390420700000042009420090853600080000000014927900057638037060004
005802690200050003070036540710305060683701259050200000007024380500010924000903000
700020008800501006000800007081406370503902084040380950297060845154208763360745209
470000580906084307350720000010607200034010670007205038060052841543178006082000050
000548900300020704400173080060034108037850649002910057074261005003000000015087000
849603057763000928200009043002106000074032000000807432100400000690200314420000786
607280300059047680840500090020090807938751046476308010090873065063410928081062400
203108050506302401004765329009570200105624793002039000350007046640003172020006805
672480000530962740090000003820500300145000092300008514700000030010804070254070900
981006574700950103053174098100782000078060900530000086340010052807625300060309000
300214578400039010107065000053020047740508163906040820004600001000450006671082004
430650801080713042607428305876145903250307064301296000003804206028060030104932507
000092000090147352047600100760485030430070865080306049056000910074938026000560407
950380704470900835802070961394061000065807090007500310503020607618040050000050100
000000060381596000026130980090607514165042738047301096912463800600215309534070000
105070624240850701030102900050080170670590302091037865010029086024308500067000203
206819034190654082005070900801030095524901073730080001000000040042597168918346207
108249050260000704043570800580307401701060389634918075007054120002093006050182037
630050004009000260801006735700041803054803090308902406480009372020785040960020518
100082906092036180080004320439610000200908030000027495061000540028401760504860203
870305000691842307400160209028400510030500020004286700007901005180034070200050031
340900600800305940069201358680039000203478596590020070138702460052600000900050001
305017400010409523800032006057003860000000000030150274140700608970360002002800300
109407002200000006070203010540006821306102504001070903958301000002750030010609285
600193045570002083000807000006409820048000010000260000034920078065081400800534006
130297685600318790879046010496851020780409561015763940900605172007182409321970006
010000000005483176040062080502814003960000841080930050051609400420301695639008700
020400690914806503000302047805021030496708051030540876209103780563200019701050060
607300018140678023000291600094067005016802490870050160900580000450729036730416209
006872930231006850098130462080307100364510709072409080453091270629704310007003604
097015803000806002500900007350040670100309008068050310005094701700503000003080090
402000905070108030391042600100000069750080104940070503800710206067903041504800307
001020503500003608090051027000900386003008150968005702810230970409507201607040830
006075042712934080540826003090000560054000897807010300670308050000600708920751400
376810502041570008500003079009060004763124895020098600150230006200050417607080253
360402900924185063005360120590020481816903275247850090002016839170538640000294010
000008253680075419002130700850007901347081625001500078005062100060719532010400067
137050490620400080000936000090314000500208009002590614408100907200709305900645021
091083500563000490840600312678104205950030147014502009430028051785000920000740600
853201074009300000612800093205078069307920401900634752106080907504702800030069020
500006900060780032203090500340109870752000691190507004407050208830672140029814050
009018700721564930080309062805632009973400080006087500460100397302000801100843005
600800031298400060130006040403908026010050400980614350029140670060087594847009203
000637090090854620800020574040581030060902015005060700400206100602310008901000302
179642058352000061860105027785310000200090103000704000490283016520007830030451090
090461000107283695032790480023604510004002930051938064015849720209156840080000150
023908460859070320746102090614823759080010034930504102470005010002041578060207900
015090000602100080000264315031006007200305401790801560908002106000600954460019230
090401020604392000500080041120945076073608519950030002065019234040563807080204005
064050290030061075050924083309506708506108004040009030005702060600000802090085047
108345926590782004420610007045176200800204005762050031050490680007523149930061072
040081705005002040302075906700016204428900651901520078280149007094703802007060400
000168050689020107040703602021070040490205006003040920204609570810050293000312000
100305972235978010090401080310000658089150020572006049060503001050217860401689005
675010040231804050804005100907180020040050080010007009089002517150708302000591864
510007049070905012000120000749380251050001000200574000980402036300610005065708924
608900400347056802000487503579048016060709050124365980405601720001824630206000040
360004007001000003000396040738401000005609300090705201050140000683070410200508739
010000980436089205978405300104302850200840000003576000745208039380714062021000040
034100590908526037020090816052030601709015308040087200486050020370062104291803065
576413280304095601001786504103072400008601300000050708607530900209007803030900160
087090463390760001065843007009080306002374180803619000000408900500936048908050030
604910837000270006081403095090007152218090670370001948800100020500782000002050700
371805609064901050005000134752106083000000010403258967108000305527400896900587241
087506120401070500060813090000285000170030059856000432010357040740000060520408001
010036870470800060000790000180609250659040701723180046560027000047308095090514627
500000007078600050263700910300276895007409060056831700031084209080007136700103004
308050700407368509260000803572831090000005070603409100030096080059010460720584030
048200653300085701157006900005178004000509070700624500021800497809400105534091286
090000070005301809080650020421905003070208146608000000702890605900000408064010090
020537081183296704075801090851070940002468300006905800217084530300109002549020100
910007052703020000004605000102800547809506320405271608090382075000750006047100083
307000906090080050068000700023508010940136078601079034000860000016050890070923165
210905000407082301698100570309708604060000080180006207002007050006010009801509746
820030015750000069000745000008921050906000201010367900307182000682090047590070832
096080215070000060201905087007000600603190504459230178532000801010000050704050902
206980007431200050009103604007000846560000701183000000698001573010078469700039102
020000100398012067504067023075080200209103600830625479087240005460701890052090040
052749810408000079090128000000507690203986501005010000030000020841200930029364150
050973840430000057270514090762050409801209305395080201903145706607002534024736018
201456839508703004039201670102609480940308007087105902014907200000010396890560701
300600800109400705204570060890200050502300408003007019050030107920080006000004002
013600095249010006007003802900060008060238040102054007308700250071500680526001000
700259480049008020128470690390000570207065904406930218015384702070591840004720000
010054000060030090250086174175209038820040057340508921580097003030820010702410000
009804020716000940008070300035700400904362051170495830500009104091658273800107000
603018407700009100120003009239604015500800942481902376800190034002305760306027598
005400093000385100310970002530164208070050430802793010007010026603542000081037950
695304028820016430040000607538201000070045010009703850904100080051420976782000501
400008002516970030028340570704293100251704380600581007045020908072830460800405703
820000910001040250306102007000050000649210875503908002068437590417529608005601700
062740300013905670500613009090807040000000000704152900026000190085390267170200053
806002013540100600020670900453761089210309467690804030084290056032006094900087301
059000720708041359001059080075000130080903567023170000040590610507010208010402970
600347095500218000307906800703501409100030087405782631004103900030000102270694008
000058090850000700612000048070129060005860100000740380407080653081000024260590000
216000804007004396390056012089407005400019607000605439170900543502301900963500271
100307008070910450000854100008030924359462780407009506080693200564270019930001007
004701690076035100001694578640910035032406900109570046498067302005300760000209400
043520090102309006060084027391400582600010973070000160936700000805602749020090630
002896507405170000670053092857261004104709058920548706740680309200000480089324600
801032006053409080000078153038040070409307801010020309720190060085000930300080204
000053916061078000290001008050680290007030500032549080400700051006020379879300002
752609043130000096086400200300020109501897004490030705879060402243900018600208937
010203500360147802207560300080010760001306204036870015608735129709401000003000050
013024567652173980840006012470680200000302008000090051796001023324760195085230400
096003270287619003430570896108000039964030758375804002610945087800067925759300614
527391064060874000010500030090652080081040050253000406005407208176280540800000009
480507010500230704032901058673000029205379006094000173056000847908006201127400965
900000401030021579807000300000950036040000057250768004002000005560070090104000028
403508109978000000001936008306890001080005060294107580800040095605209437040653010
149030082760000001050200690036080510008793200427061900600174003080020470074300160
700080015824100090090203040089045361601839002037612800076301080910008536340090100
600904258270608010058301600520740106000080002807000549005102730040805061310407025
805174629240060010000892003000200347654037182302480905500643200060720034420019806
004706000709005001030010400300802070827000560450079802105360090900204715208501306
150703962900506183300809540591432608206105409437000005609280004045000800800654091
837612400000097002902034708423000007600080245500000390304270906700940000019068570
010307050740962380389105620097024163003791002024030700430200019070609430908000200
094003562670240080805609374200060000981407020000830009769004805450370196318506207
169405037020100685053672419300820751071563928285910064502008100047051890900206503
200056913043090758190873640002609030056320174000507200520730006081060527407200091
080050043032409150490000076368041005054070860270080009600000004549700382010024000
057060400200458003083107050070041300512036048394705162000810037030609024048000609
386020000027450813105000900213605094709304502850009361472000005691043270008060140
709080125145029380283701904014870003627903008008510700831200459472090036956030071
300904150409018000708600924876040300020803010134059062041007603000321549593406000
305000902060523040802649005200030479001408620034970580507090806903067104006000200
560097243490123608820650071938070504275001890604009032009065027000910005152708009
049010070602000508305268009507804900981506702200009003050402090000793000008050300
170296508940007126620810900080400059204503601500020370050089413809102760461035092
039510608805020700007948350050493020360000019020681070080275060470100085090800130
000647100042000003187000049715006894406895701028170056859060037200000918001289400
876503209001270008932000457090804300003010700054307080300091874400085103708002090
500000308306759104172003590009312600003576000010004000200435009050120400401000702
450690813100000090209013705002804076375009108600107200001946307000000004764328051
003680015900100004006394702809713426601409857024865100305978240090046073070031600
010520004048107000036409507095304006160800793700900408001008642000205081000030000
050004030000020700027319040006003412200108507471205800040600050160907024930082170
043501002250006091701028356106905247987060100400137869809642510562810970000709620
106900083390020070000130506204080705689270340507000020900042000070590012460003908
204356700097020030605791284720040103451000928308012007012037695040080372903265041
004059860397168500568700001602405030713006450040207008450000083009084005871500906
008135906369208075502907384004302000297604853000780040006000400031006597745890060
100000040569430000000170508007502869490060007602300050826004370901080426754000900
000050900350907064069030708930100827040080015201573049476005193090001500010000082
500007009023189450087450160210906308096700510008205604152873946030090280000520030
360000591890005062075196400040537900003400200708901040036874109020650874480019605
917204300400103009200000006029070000031400860748536021390647018000915002075380090
030716000000324076001980400472000308509037641603090027006073209800102003000659010
190627008000301000642985700000208070400003005750000030031094687070000050805000194
008020016002041590500600804265309040749106002003402960806010050054098000917060200
379065842000090000106027930802540063034000290060012504051070328008630050743050609
600802095802070036000103820004086901087315060261790350570401080028950613130008007
048050700090710402713000508030507090952480673067903040406030980581079000079840156
194032800000001009873906204460020000351607492000094053506000908700410000902568130
081954720476320580509600034090042807254768091708030400830006075017090243945073618
072506391005012000860400027014920805730058060208007130923000004180270903540301000
318600579574038010209710308036020700042386195051097623407053802085260007623000901
200593168830640250150728000093275081680100079715869030900050804020086095548917006
104589007020701530060402000003007640857000023016203800009306010642175080300920006
000710000082305060074869253026981374009470526047256810035694102298107640400500900
009576300540080029013402050800007906020930070074801035368704592490058007051029483
080063700093051004501048600005620090809400327027389100006090803000800061008530072
095481230040076080061500004608000103017000900904120608000007420450210867279648310
190283400060004301045691000000009012019350060576402000050047923004936180008125040
300090028962180045058200001020040537600708000571923000197402000235079614486000079
006492705930875010574060829253007140008206070610050098320500007860700002040009081
900000001002507000065209400006035142823000009541692783079400815630751200100020067
500492008802637009396108407038905070910000086020000000763081942100260003200309001
000300092032960048004827610021409386985000124643102907260791030010038260000046000
903004700765000041080000532806009015500841003070600804607400020250000409409200150
200600803500982001040070029086504190030208560000067300600703918005419230319000470
723005109000102400401000308034978610590316042010254073005769200100520704370401096
029100730537689041800273960086020057013706890200090600790510000160030524054002070
008000270407208691000730504153847920009600000826090045080974032070010869910000457
027831064816704200000625087238047619004216308650080742180370000700402891490108500
530800960900600013001503804847900021000130057150007689005704206720000005019206700
029037100500206800736851900392645710401070602050028340068510237005382006003060080
000643870740000010003201400012809754935024106478156200001367900060408021090012000
290000074431079600050020080045008290923000847076490000300207009002906000760503401
009052130080000260007806000000500019300000002200004050050603920008015674012470500
004016000210089370859700216487050000503801029090073085625300841031468050000125600
256010430700000105030205080000107093867903041003000800970000512020471960608509300
010365802030700459020400000650040913490156287781030005105208030369000020008613094
607234519310098062204001000039405006020060040700309285400900051050170024162003007
008097034509310082376004090090600157085031009127940003030100205762050908850200346
735092180100000704406710205201587603600030000803060002040908360962001570000670020
100070835006035027573100000017063000060801000090040680700014908650309710940058002
062010704040603028598000106275104800083000410406509072829701003600908250104060900
030000890000149002204078105086713020071020580320804610008430901903587240702000050
284015006075209834093087201018952400507148300000673180800790020742806019930500748
980034650257689143630250900170020400840316270006490031360045018710860390498100020
102409005090802430040675009027054183500060000934001657400503720059748061308006504
864703591950601370001040006290008415003950800480060037340010600000206743629407158
004075300520030000038029010001290008860054170200107903013562400006013057902040600
059706800076015934203040570000153009040690280937804600064300102320061490091002068
640053987030096020900000000095402710016007592870905063004821630180030000263000040
930060075806005902054809061001048250345602008087053400520134080473000109168007534
340007900002014058060928347630492780204503196057801003529006070800745200073000060
006502400003897000852600719415260097087359064639074802768000200091026500000781906
000501900610080054079402010096000103051090620008613400947300261003070008185206030
047608900009025384502904617090547831030000540104309020871093200400876103900001470
582763009000100506910002007237000065001070004640000871400600090153007600769304158
167503829924100700503000061750201084402708090638405007245017008000004172071329605
608039002190002473000005890070900000482156009300274080057090040031540007000327051
801200459705804600604159008007302506060000000409608700500406001010700805342001967
702500009459173008001042037096031050004057896027860340970610000240705000100300904
810006057506083021200140083450007100078000296302000705021038000704010362930600814
816274039020103000503600021735000182260807300081502740047300650052401900308005004
091005074800073619046000300670820090020516040500039068265100930409357026030602085
902137000000580703030240090305000009079000308120000406016070034754061980890452107
300125049801934000090600310030092571045718060170056490023060184010873602580041037
200504000401007300678030900040680073735410802060753410504076198300048200007120004
749000356130470000006900741004807600010349087087625910450090060908102405270060198
010435900469020000370069004007613000502000601000582307623100045000350020001274063
000800150403600970560071420357080049941307805820090317030568094705009601094003082
560000431239401705810035920000056070758329160190800000005210040603504017420000003
400830701083140569176029380608403075741002836539000010357060198012085640864091003
307914508001072306004806709040185030005020980678300051406090803003408100000763005
010746958408025100900830000540000201002509600701060583074108329039070800820000016
560017004020065379030820001170600900603000107205901083002546798457100030980730015
067100582001030796958062014246958170705301468003070000670080020500604000009217600
810397000970064105460815090086400901397600540541070623009142030128730009004509712
587000421020080070140572803402930710051647380008050600830709006290060140706020908
003916070100057643050483109824395001500072000736108950000569010375001406960704000
001204030003107540507080216400379652320608009976521403852006700060805320004792800
297081060680030974054907102146800300502094800879600425915306740723008059460500230
095000740076058130021076058047305000082090370050107860730869020068530490010000600
056104083302080060100036952500001200091000846004200005829500074005070109607490030
090508134150009702824000005569084301018376009300090068930000047285400003041932056
003024106001980000954060328006002030302050600418300050805017963129638507607400800
200000975410009060697850301040913600801240503903508024050021009029485016186097002
903805402005967308000000000000070030601408000730100046170020083426001705000790120
081427090003100070004063508000008109849012705172600840265070901918000400007591082
600800054907025300080361000052103608046080239308240710200958070009710060500002001
080300702017000963090020500002704390700012608051680400008076030634001270070205806
450000009602907301000230060060402003304590100291070508920050017507861932106000405
206805040409730106300690205082173500060000090040050000601300402800429007024000938
005016090921854060060903105603142008250378006000695307800500040030000871410280500
502083164174500300600012790009301856801020403067000920910230508700108639438060007
900037084006845100004691725610000542092060370035000896060724000009153407107906003
090148520051206408042039610483050100906000845010000739034020981508401306000783250
030002718200000065751084329647000050020406187105209643004703800072168034860905071
096278540400560379150000826019600200030042065060103700825006007600004953043015680
460512870058000003907003000601080925390000081782095034009600248104750390030924000
470830006068794300002600840080020430254903070097040620825009700000286500609005001
583940001412500689067021053046208010801037900029405800170369520295104700638000194
003084620108560000400073809070000452080427000030005060812096504000001276057302001
618002700090067000705090638030080106580000429467200000270040815003120067059608340
015308092200510307037042180500083024001426000824095001002060570406207908780901040
400620007080904310030187000098070142601300805750001690000410060064208050100769038
060872010005163804800000007001594700007600500209000106542010673300245001190706450
100000069000263000806010743064307850010006920978020634002801496389604012041900070
609321407201000003073654910005972000020000090000538000098015320416203059500709148
903580264705042910062913500034700685157060492806000137300109056071430020600875001
360502497009063215700940380002450103010607059650009720294000600136094570087306002
310529067009076005005010320046000002523000781197000054768140203452690100900087040
090835027532760189768921534106300705300090008879040200087000002250070040904203800
000100700140725386270093154807952003000476018460081200030600005708230040001048030
050040070347008106006201400008000040009104050200850009070319080981005360000706500
060000381201008605030416090008037402402805000079024508146709820503040906920000150
370080015010930000429605078090573006631000407587000230103804792750360041000020000
109075060074901038023000701910407305000010040340509080400000073830104050060730400
640215037250386190800000000060749305903021406000608010300802001000073040782064050
958200641200041930003500002092006710004028300031907000300092004146300200729600503
340008207020017390009302008914560802056809143800041065400100609065000030103000584
940070015700000908006091400000359004805607301000182750002010800300060102168020097
090003620080602017600457309749030856005900100020000493001740208274186935968325041
900268400374050000208703159687935001190400376400601905026300508049010700003827600
659824007321065408074090020248500100590300042100942006012000050900481070000257000
000034108800700940010598000602059000089000650000406280050907421461382507907105000
000008605008176940074050003010385067800000004020640010147560829005204030300000400
007320509215407060800506047159043078378050024420700350730860005080974130004035700
097600208612583049800007003008000067163900820754060901500709406276148390089056170
000092006792536004160408925430900051005300402901005708086719240309254067240000009
608050704007063050902408031060704300810300076003586040780005003405630800306040905
105079623700500000609201007970346580400950071052708964500004706000007005247690108
001006002009532071007418305418300007700000000000740183002604900600080524584203716
690007850508932604307600219900380007201706340700124005879001400035249700026070090
053004180106053904970801025647032000000508460800040732720400603409325807531600240
052006903369500070874000602680935720000007090027084065400050216030009500700642800
600040908830690052200085360000074005092150480000860000907530821520018647106427009
100300860270069510640002900862704009034980720917206340480603275096120003305008001
307042500150030780200500463605708049871409300940103806700394258528610004403000610
602500790000070040947080025700391050080704013034060000360002987090600002075008401
200600017003470009010500060632817905500040630109350780050703020306094008071085006
907013204062090837308627195409701000201586479000209008625070900090002740000960500
030000781950106340012040506600070009001000260095008130504309678170600023309000415
014360750000201006003754180089030017205607890060840235007420568302986070846100020
301004250009702040480310006090040635640850092257030800930026087016500403004003569
009024685002561409465008312906430001301280940200150803600740198178093500090810730
301060004209010500405002801002081740810000023007604000000030050000548000020097060
402315700157406000803000041930604002605092104704831059510060007206509300009148200
924007600600903004351680270416079523837562901205001786002306895180005000503798410
500309007109670253040500600312706800908140506000082370007001040604000008801405060
108050702006000410097020380472589631039000570005673209000760000260410057751902860
900580207000420860620709000000801750810350002074902100005074091001205608769130524
300090527570423091600051000007080400100000009486907152910268070003019200802000906
000100564031060000604908021015007000490300082302800700106283009908015273523749010
003600281856001090201803607082936740005702009769458120504307906017529438398000570
081650009293800400750249010030020001002368950905470000510736084374102596000090070
902006753180300620000972008700104380006700500408203097800437265030000871275601934
000845020920000810060000305304760001296510007871093562509200040007650090000031008
236008710500702806180300002008034600052000000704980100670021589401809067005673240
000601450485020760160004900604217008000090010800406209246800197031700045758149300
790050863001600004600084051000807012018020400020306009280070005509032600103500297
302197846190063520860420310016509203900280005005000090000074038439600072678012904
160500302705204106230090050320907081000010503850302670090700015503429867002005034
920080136300001427407326000751802903204150768036907200000279014670010009049030570
046518237005032649073049018590800002764900103028104065400086720810007000037250890
007005900045038076160009053734050069050006030000300521680700005512860497073501680
640902000789001405000000069007500038800090002426007590060010904013740856000800010
061500378904708000008200549827900451040820760613075080135004200790102834080307605
720605890618000705350704612501060900060807000087351406070906150106540208240170060
290076100600010208480000000500043009900601453000025001000000074706030002005490030
603002508290408001000001070080035004750109020020687090870000016009516280002803400
300890106060457390240036000815200030970310025032500810780600054026943080401780203
200879305085300900397406010006004723070000100928100540014608237039002600762503498
000592006617030020090607340700050601000769500069080470052006830800345009346008157
105600204200710090049008017063872000700490008004103700950000070010286400482050063
320015700070349628490080105050800413210504867840761002980000500005976080000050091
031020040946703520025640809070030200003897400598264070159072680467900012380006950
984000750600000903100060028006704000009806201045000630500601004061300800007489100
300065708001720590567000030600580040084106070050070683035000827908357100706800309
740089350890465271610003000006517094174298035050634107400300062301976508067840013
006804701010360004087090023600002080391678502028905306970000130800019060105203400
205004603017036020406002010042305106069080350570401982620100007090520861301008009
102605034403127008006309700048030290300908007010052000067093140200806079001204500
100080706025916430000724091051000347867400902340000680580197060916502870402038009
089407120400052000201080405000695041015200690600708000106074508003821704048036210
800004307005000614006350800200735906364809071007010003083062790152003060079500002
006100725700208310500670489400012007001367208620000193070086932009501800043000561
002016005148930760095002381006708493080159200020064010057040830030507020860293000
009480006200137000387960040028000010030258970075300620064001300000673009590004107
000754026657080490420961500000509103716038902930126740569217034002840619080093200
900602003030804201708900000000080014047190560090000000000040702406728039300500406
500391074730524810020086050986200030102603598040000621000457160057108043610930085
654037901091405087307001654165090070002158006043000190419702563508609710706013849
070140580018000320409002106300827051007900800045361790901700000700216035203000607
080500300041009876063010400000163002056924730300857000095072163734091280600005040
290063107001897200070150048935278610060040090017609082086904075700316809309700061
028100090416500720597002401004257038030018200872903500289700150741895062050401809
507601809120008056048259370060835700090000068005090010004912600900503102812467930
196074002073068010005010769649807000020439800700106954314000600050600020800700543
706000109400010206180906054904208500600090001358700692040509360873620915060070020
800200704029486005400305890942137586630000210185029340364502078008940600201068453
806734592970562080000108607738425016260003058590806270600300000340259861120087309
308741069401926307069000214030607025680205043205834970570000091002560708890073400
400890130800063090790504080004000950300601004072400801015300070000120009007085006
234009017800000602671008503982503004167820900500796201400971350308060079710300426
000024600946000005270090800400200070859173460710406309000012080120000537508340000
082493010190050023530281709208000370970010068401000502017809254620034087009720100
564070103290381400000560007028090610706835924905610738850006370400150060600728549
500000640007600815080410903050760009300590001670124000702056004891040200060201097
100350687000060005625807943041000760078091504000700000052139806060085321800276009
650037900709021854810059036470060000286704305500018047040080069908340170025970080
624139087915740036003600914801400760047000152296000003478005600130067490009200078
261900703709042108340000029910030086602508900400060010596020431874100650123456897
352060781610020003074010920067080140290601875400090300006908504040000000135204098
180500060602087030007016809700003000009201006360890002506138090018064500030052008
190000006050640000000309254001760493049201680503098120826900000930084060000020039
930060145106590082000841000791254638680317594054986200500608420400129057820030016
431700008000921073002003005197845632020360780360102590209600050600237800740008216
002487306006100700830092510709003051401069003280000967004900035005218600098354072
370500009065078023010039085030817002587296341620453978056320807740980130803001054
301006500908400300452031980500204760607010208080679405736020849025008600004307000
815079603000301000360504271080040060693000450071090030004050386100938020008420900
000527080207806040906013000105300069002080400800004007400260751000030004760145328
900071054000905070100000300090300200074582190806009540408000005069400010010896002
030408021048300906070026034010004680000630000064007290820140050403089162791260040
081940700759300000306010089900135402500864307604079005090020500807453901005791038
451067300839201075276803014748106203500400701002375806610528400085634120000710508
006204709103900400200573001609002170050791000702040803007806300831409007400030008
054600001102034005008512964280703500346000710007841632475020106610470200000000450
000634800690718004480020036175000402046050710038471005720905040850100267004000901
978640003001950000004073189000805071103007905527106000069580312000012706300069004
400805602009301048280964130816503079002000800940102005070016003100208706603709081
270054003008706254050200097820000739900360002705000041087003020103400970400670018
006008000010075320000020007568304090031000564000206130300092075672040010190800200
600107905504600017197002600008260740001408360040003200065090482400826573802354106
000060104450002083730584006004723000000815000000006800203000095900600370605039000
400000216200941300518263490030089620020175034084630050001308542802714000349000078
790826041060104709134957286003401090600379005980260400279003168006008000310002074
081005079470000600092068401503000017000931000914000030206150700009007023850200160
580100230037524081204000950803015746650907010400080000749000163365090870008703090
908104200070835490340090708400328065063050040825461003206003017504087000709512684
900658403680004051405290760860130279293867105517000086109006534350902010746513002
035102900000580026208903007420000790090807130071000645300708061960401000087300450
604000000398541700502760003430206908021903600086010320207090005040358070003607109
130906802002000093905832600008000907007450100301009506006204301200507400419068275
072600194000750236034002705060015007045830962700460018300900820408020670016370050
270603509900752008016009000600000014002974600340020007460007825803001006729865000
098400520503060901120003086841700005230000070700000190480100369912030400356007210
059408160420030050700290038245619000070803094000754601600000205014060079082547310
670508301248013609035009487586000000010904000090806213003405170001030945704092036
006002000000603789000078652910004536060159074542700098079245003408307000005000020
010860390070209058860730042400026971050300480090408523530042019028050764040187205
001530000940016830032980104026090507005703690708040010109862470064309050273001980
015409800940000153327051400501398207704502006200764905000100094152000030079603521
129000704054079630603052108007260983061398000008040261716980005480610009305020016
005461839036007050100350000400070902208605173673010008500039014910006380007184200
207090040130562798890074030908031465000486000000005187050813072306040059700059004
003510600941308520600070001805407009392180706070090053089643105000000062506729304
000010700009803400530702689907258006080006942120390578650421007410007065093000200
800079052042500708037204061620143897009000503080950246394860175006090380750031609
420000907387190026105007384249871600000256800050439200072940103960012758801760492
720409038316028900894001076050040060403175809200683400501000683930010040000034700
034705820001000360278106095002000003369510040040263018480000009500020006126809534
379580102658421037012370005067904253104800079593702018700000300030197580940638701
000730182300001967271900000405603071060040290010502003000006529602000708087019000
041070800307400029298030704000704986972610405080903270724065108609002000005190640
720605000500970628009321704100890530050203080930517000400758302006009475000002019
801050027004000300027080459708902504010005036500601298102403005475208060930010802
708600500045000076000705802410086253036027040059431687193800705000079461000000908
500301879790058146418967000950000203064090587030002064672835491089710052045600000
020014367680900012700005980106580090000103050035090201061278005350401079478350126
005000740040517620637090081016945030089070160070801050392750016861439075704100300
750016009068040027009507160206894000090025070081703942835600490910030756640901083
907058006425000007038007450002004015006905803540100900004673590350090060700501300
100009756086307040900050010250708090004020105090105062025871004738594620409600007
040586007006940080093700460209004800014358270080201050901827500400030028020065090
070001009349067125001020700500970003706413502400608017007080350100705208803290401
060001009719563824058490600800314200026809370031627498603048152185070940900130086
200709358503206190970830460020057603059468000807020040018004235005182900402003016
139050004008901507020800069900705240800010003074398600682009070091084350305170902
387095000060037095094001300038904000710060049000578130009786500156243070073150060
960800415007319002201000009008040591109005200520090047700060100800570300615008904
200050381910300046603104592056000000070081035000695000724010900090702000500040073
000713000100954602400080013046035790081649205093027800307090100865070429910060080
004903200005004638070000450003400000800600002200708041956380024021596080000140005
780069501031570406690030807062091050008300160053480200027045613306007905509610082
082090010700620304160508907601004800934050071057000600310789050208465003540010760
610900437207360150953410080020580371060173020371240560030704095002031706784605003
